          0    1    2    3    4    5    6    7    8    9    A    B    C    D    E    F

00000     00   00   00   00   00   00   00   00   00   00   00   00   00   00   00   00   
00010     00   00   00   00   00   00   00   00   00   00   00   00   00   00   00   00   
00020     00   00   00   00   00   00   00   00   00   00   00   00   00   00   00   00   
00030     00   00   00   00   00   00   00   00   00   00   00   00   00   00   00   00   
00040     00   00   00   00   00   00   00   00   00   00   00   00   00   00   00   00   
00050     00   00   00   00   00   00   00   00   00   00   00   00   00   00   00   00   
00060     00   00   00   00   00   00   00   00   00   00   00   00   00   00   00   00   
00070     00   00   00   00   00   00   00   00   00   00   00   00   00   00   00   00   
00080     00   00   00   00   00   00   00   00   00   00   00   00   00   00   00   00   
00090     00   00   00   00   00   00   00   00   00   00   00   00   00   00   00   00   
000a0     00   00   00   00   00   00   00   00   00   00   00   00   00   00   00   00   
000b0     00   00   00   00   00   00   00   00   00   00   00   00   00   00   00   00   
000c0     00   00   00   00   00   00   00   00   00   00   00   00   00   00   00   00   
000d0     00   00   00   00   00   00   00   00   00   00   00   00   00   00   00   00   
000e0     00   00   00   00   00   00   00   00   00   00   00   00   00   00   00   00   
000f0     00   00   00   00   00   00   00   00   00   00   00   00   00   00   00   00   
00100     00   00   00   00   00   00   00   00   00   00   00   00   00   00   00   00   
00110     00   00   00   00   00   00   00   00   00   00   00   00   00   00   00   00   
00120     00   00   00   00   00   00   00   00   00   00   00   00   00   00   00   00   
00130     00   00   00   00   00   00   00   00   00   00   00   00   00   00   00   00   
00140     00   00   00   00   00   00   00   00   00   00   00   00   00   00   00   00   
00150     00   00   00   00   00   00   11   11   11   11   11   00   00   00   01   11   
00160     11   11   00   00   00   01   11   11   11   00   00   00   00   11   11   11   
00170     11   00   00   00   00   00   00   00   00   00   00   00   00   00   00   00   
00180     00   00   00   00   00   00   00   00   00   00   00   00   00   00   00   00   
00190     00   00   00   00   00   00   00   00   00   00   00   00   00   00   00   00   
001a0     00   00   00   00   00   00   00   00   00   00   00   00   00   00   00   00   
001b0     00   00   00   00   00   00   00   00   00   00   00   00   00   00   00   00   
001c0     00   00   00   00   00   00   00   00   00   00   00   00   00   00   00   00   
001d0     00   00   00   00   00   00   00   00   00   00   00   00   00   00   00   00   
001e0     00   00   00   00   00   00   00   00   00   00   00   00   00   00   00   00   
001f0     00   00   00   00   00   00   00   00   00   00   00   00   00   00   00   00   
00200     00   00   00   00   00   00   00   00   00   00   00   00   00   00   00   00   
00210     00   00   00   00   00   00   00   00   00   00   00   00   00   00   00   00   
00220     00   00   00   00   00   00   00   00   00   00   00   00   00   00   00   00   
00230     00   00   00   00   00   00   00   00   00   00   00   00   00   00   00   00   
00240     00   00   00   00   00   00   00   00   00   00   00   00   00   00   00   00   
00250     00   00   00   00   00   00   00   00   00   00   00   00   00   00   00   00   
00260     00   00   00   00   00   00   00   00   00   00   00   00   00   00   00   00   
00270     00   00   00   00   00   00   00   00   00   00   00   00   00   00   00   00   
00280     00   00   00   00   00   00   00   00   00   00   00   00   00   00   00   00   
00290     00   00   00   00   00   00   00   00   00   00   00   00   00   00   00   00   
002a0     00   00   00   00   00   00   00   00   00   00   00   00   00   00   00   00   
002b0     00   00   00   00   00   00   00   00   00   00   00   00   00   00   00   00   
002c0     00   00   00   00   00   00   00   00   00   00   00   00   00   00   00   00   
002d0     00   00   00   00   00   00   00   00   00   00   00   00   00   00   00   00   
002e0     00   00   00   00   00   00   00   00   00   00   00   00   00   00   00   00   
002f0     00   00   00   00   00   00   00   00   00   00   00   00   00   00   00   00   
00300     00   00   00   00   00   00   00   00   00   00   00   00   00   00   00   00   
00310     00   00   00   00   00   00   00   00   00   00   00   00   00   00   00   00   
00320     00   00   00   00   00   00   00   00   00   00   00   00   00   00   00   00   
00330     00   00   00   00   00   00   00   00   00   00   00   00   00   00   00   00   
00340     00   00   00   00   00   00   00   00   00   00   00   00   00   00   00   00   
00350     00   00   00   00   00   00   00   00   00   00   00   00   00   00   00   00   
00360     00   00   00   00   00   00   00   00   00   00   00   00   00   00   00   00   
00370     00   00   00   00   00   00   00   00   00   00   00   00   00   00   00   00   
00380     00   00   00   00   00   00   00   00   00   00   00   00   00   00   00   00   
00390     00   00   00   00   00   00   00   00   00   00   00   00   00   00   00   00   
003a0     00   00   00   00   00   00   00   00   00   00   00   00   00   00   00   00   
003b0     00   00   00   00   00   00   00   00   00   00   00   00   00   00   00   00   
003c0     00   00   00   00   00   00   00   00   00   00   00   00   00   00   00   00   
003d0     00   00   00   00   00   00   00   00   00   00   00   00   00   00   00   00   
003e0     00   00   00   00   00   00   00   00   00   00   00   00   00   00   00   00   
003f0     00   00   00   00   00   00   00   00   00   00   00   00   00   00   00   00   
00400     00   00   00   00   00   00   00   00   00   00   00   00   00   00   00   00   
00410     00   00   00   00   00   00   00   00   00   00   00   00   00   00   00   00   
00420     00   00   00   00   00   00   00   00   00   00   00   00   00   00   00   00   
00430     00   00   00   00   00   00   00   00   00   00   00   00   00   00   00   00   
00440     00   00   00   00   00   00   00   00   00   00   00   00   00   00   00   00   
00450     00   00   00   00   00   00   00   00   00   00   00   00   00   00   00   00   
00460     00   00   00   00   00   00   00   00   00   00   00   00   00   00   00   00   
00470     00   00   00   00   00   00   00   00   00   00   00   00   00   00   00   00   
00480     00   00   00   00   00   00   00   00   00   00   00   00   00   00   00   00   
00490     00   00   00   00   00   00   00   00   00   00   00   00   00   00   00   00   
004a0     00   00   00   00   00   00   00   00   00   00   00   00   00   00   00   00   
004b0     00   00   00   00   00   00   00   00   00   00   00   00   00   00   00   00   
004c0     00   00   00   00   00   00   00   00   00   00   00   00   00   00   00   00   
004d0     00   00   00   00   00   00   00   00   00   00   00   00   00   00   00   00   
004e0     00   00   00   00   00   00   00   00   00   00   00   00   00   00   00   00   
004f0     00   00   00   00   00   00   00   00   00   00   00   00   00   00   00   00   
00500     00   00   00   00   00   00   00   00   00   00   00   00   00   00   00   00   
00510     00   00   00   00   00   00   00   00   00   00   00   00   00   00   00   00   
00520     00   00   00   00   00   00   00   00   00   00   00   00   00   00   00   00   
00530     00   00   00   00   00   00   00   00   00   00   00   00   00   00   00   00   
00540     00   00   00   00   00   00   00   00   00   00   00   00   00   00   00   00   
00550     00   00   00   00   00   00   00   00   00   00   00   00   00   00   00   00   
00560     00   00   00   00   00   00   00   00   00   00   00   00   00   00   00   00   
00570     00   00   00   00   00   00   00   00   00   00   00   00   00   00   00   00   
00580     00   00   00   00   00   00   00   00   00   00   00   00   00   00   00   00   
00590     00   00   00   00   00   00   00   00   00   00   00   00   00   00   00   00   
005a0     00   00   00   00   00   00   00   00   00   00   00   00   00   00   00   00   
005b0     00   00   00   00   00   00   00   00   00   00   00   00   00   00   00   00   
005c0     00   00   00   00   00   00   00   00   00   00   00   00   00   00   00   00   
005d0     00   00   00   00   00   00   00   00   00   00   00   00   00   00   00   00   
005e0     00   00   00   00   00   00   00   00   00   00   00   00   00   00   00   00   
005f0     00   00   00   00   00   00   00   00   00   00   00   00   00   00   00   00   
00600     00   00   00   00   00   00   00   00   00   00   00   00   00   00   00   00   
00610     00   00   00   00   00   00   00   00   00   00   00   00   00   00   00   00   
00620     00   00   00   00   00   00   00   00   00   00   00   00   00   00   00   00   
00630     00   00   00   00   00   00   00   00   00   00   00   00   00   00   00   00   
00640     00   00   00   00   00   00   00   00   00   00   00   00   00   00   00   00   
00650     00   00   00   00   00   00   00   00   00   00   00   00   00   00   00   00   
00660     00   00   00   00   00   00   00   00   00   00   00   00   00   00   00   00   
00670     00   00   00   00   00   00   00   00   00   00   00   00   00   00   00   00   
00680     00   00   00   00   00   00   00   00   00   00   00   00   00   00   00   00   
00690     00   00   00   00   00   00   00   00   00   00   00   00   00   00   00   00   
006a0     00   00   00   00   00   00   00   00   00   00   00   00   00   00   00   00   
006b0     00   00   00   00   00   00   00   00   00   00   00   00   00   00   00   00   
006c0     00   00   00   00   00   00   00   00   00   00   00   00   00   00   00   00   
006d0     00   00   00   00   00   00   00   00   00   00   00   00   00   00   00   00   
006e0     00   00   00   00   00   00   00   00   00   00   00   00   00   00   00   00   
006f0     00   00   00   00   00   00   00   00   00   00   00   00   00   00   00   00   
00700     00   00   00   00   00   00   00   00   00   00   00   00   00   00   00   00   
00710     00   00   00   00   00   00   00   00   00   00   00   00   00   00   00   00   
00720     00   00   00   00   00   00   00   00   00   00   00   00   00   00   00   00   
00730     00   00   00   00   00   00   00   00   00   00   00   00   00   00   00   00   
00740     00   00   00   00   00   00   00   00   00   00   00   00   00   00   00   00   
00750     00   00   00   00   00   00   00   00   00   00   00   00   00   00   00   00   
00760     00   00   00   00   00   00   00   00   00   00   00   00   00   00   00   00   
00770     00   00   00   00   00   00   00   00   00   00   00   00   00   00   00   00   
00780     00   00   00   00   00   00   00   00   00   00   00   00   00   00   00   00   
00790     00   00   00   00   00   00   00   00   00   00   00   00   00   00   00   00   
007a0     00   00   00   00   00   00   00   00   00   00   00   00   00   00   00   00   
007b0     00   00   00   00   00   00   00   00   00   00   00   00   00   00   00   00   
007c0     00   00   00   00   00   00   00   00   00   00   00   00   00   00   00   00   
007d0     00   00   00   00   00   00   00   00   00   00   00   00   00   00   00   00   
007e0     00   00   00   00   00   00   00   00   00   00   00   00   00   00   00   00   
007f0     00   00   00   00   00   00   00   00   00   00   00   00   00   00   00   00   
00800     00   00   00   00   00   00   00   00   00   00   00   00   00   00   00   00   
00810     00   00   00   00   00   00   00   00   00   00   00   00   00   00   00   00   
00820     00   00   00   00   00   00   00   00   00   00   00   00   00   00   00   00   
00830     00   00   00   00   00   00   00   00   00   00   00   00   00   00   00   00   
00840     00   00   00   00   00   00   00   00   00   00   00   00   00   00   00   00   
00850     00   00   00   00   00   00   00   00   00   00   00   00   00   00   00   00   
00860     00   00   00   00   00   00   00   00   00   00   00   00   00   00   00   00   
00870     00   00   00   00   00   00   00   00   00   00   00   00   00   00   00   00   
00880     00   00   00   00   00   00   00   00   00   00   00   00   00   00   00   00   
00890     00   00   00   00   00   00   00   00   00   00   00   00   00   00   00   00   
008a0     00   00   00   00   00   00   00   00   00   00   00   00   00   00   00   00   
008b0     00   00   00   00   00   00   00   00   00   00   00   00   00   00   00   00   
008c0     00   00   00   00   00   00   00   00   00   00   00   00   00   00   00   00   
008d0     00   00   00   00   00   00   00   00   00   00   00   00   00   00   00   00   
008e0     00   00   00   00   00   00   00   00   00   00   00   00   00   00   00   00   
008f0     00   00   00   00   00   00   00   00   00   00   00   00   00   00   00   00   
00900     00   00   00   00   00   00   00   00   00   00   00   00   00   00   00   00   
00910     00   00   00   00   00   00   00   00   00   00   00   00   00   00   00   00   
00920     00   00   00   00   00   00   00   00   00   00   00   00   00   00   00   00   
00930     00   00   00   00   00   00   00   00   00   00   00   00   00   00   00   00   
00940     00   00   00   00   00   00   00   00   00   00   00   00   00   00   00   00   
00950     00   00   00   00   00   00   00   00   00   00   00   00   00   00   00   00   
00960     00   00   00   00   00   00   00   00   00   00   00   00   00   00   00   00   
00970     00   00   00   00   00   00   00   00   00   00   00   00   00   00   00   00   
00980     00   00   00   00   00   00   00   00   00   00   00   00   00   00   00   00   
00990     00   00   00   00   00   00   00   00   00   00   00   00   00   00   00   00   
009a0     00   00   00   00   00   00   00   00   00   00   00   00   00   00   00   00   
009b0     00   00   00   00   00   00   00   00   00   00   00   00   00   00   00   00   
009c0     00   00   00   00   00   00   00   00   00   00   00   00   00   00   00   00   
009d0     00   00   00   00   00   00   00   00   00   00   00   00   00   00   00   00   
009e0     00   00   00   00   00   00   00   00   00   00   00   00   00   00   00   00   
009f0     00   00   00   00   00   00   00   00   00   00   00   00   00   00   00   00   
00a00     00   00   00   00   00   00   00   00   00   00   00   00   00   00   00   00   
00a10     00   00   00   00   00   00   00   00   00   00   00   00   00   00   00   00   
00a20     00   00   00   00   00   00   00   00   00   00   00   00   00   00   00   00   
00a30     00   00   00   00   00   00   00   00   00   00   00   00   00   00   00   00   
00a40     00   00   00   00   00   00   00   00   00   00   00   00   00   00   00   00   
00a50     00   00   00   00   00   00   00   00   00   00   00   00   00   00   00   00   
00a60     00   00   00   00   00   00   00   00   00   00   00   00   00   00   00   00   
00a70     00   00   00   00   00   00   00   00   00   00   00   00   00   00   00   00   
00a80     00   00   00   00   00   00   00   00   00   00   00   00   00   00   00   00   
00a90     00   00   00   00   00   00   00   00   00   00   00   00   00   00   00   00   
00aa0     00   00   00   00   00   00   00   00   00   00   00   00   00   00   00   00   
00ab0     00   00   00   00   00   00   00   00   00   00   00   00   00   00   00   00   
00ac0     00   00   00   00   00   00   00   00   00   00   00   00   00   00   00   00   
00ad0     00   00   00   00   00   00   00   00   00   00   00   00   00   00   00   00   
00ae0     00   00   00   00   00   00   00   00   00   00   00   00   00   00   00   00   
00af0     00   00   00   00   00   00   00   00   00   00   00   00   00   00   00   00   
00b00     00   00   00   00   00   00   00   00   00   00   00   00   00   00   00   00   
00b10     00   00   00   00   00   00   00   00   00   00   00   00   00   00   00   00   
00b20     00   00   00   00   00   00   00   00   00   00   00   00   00   00   00   00   
00b30     00   00   00   00   00   00   00   00   00   00   00   00   00   00   00   00   
00b40     00   00   00   00   00   00   00   00   00   00   00   00   00   00   00   00   
00b50     00   00   00   00   00   00   00   00   00   00   00   00   00   00   00   00   
00b60     00   00   00   00   00   00   00   00   00   00   00   00   00   00   00   00   
00b70     00   00   00   00   00   00   00   00   00   00   00   00   00   00   00   00   
00b80     00   00   00   00   00   00   00   00   00   00   00   00   00   00   00   00   
00b90     00   00   00   00   00   00   00   00   00   00   00   00   00   00   00   00   
00ba0     00   00   00   00   00   00   00   00   00   00   00   00   00   00   00   00   
00bb0     00   00   00   00   00   00   00   00   00   00   00   00   00   00   00   00   
00bc0     00   00   00   00   00   00   00   00   00   00   00   00   00   00   00   00   
00bd0     00   00   00   00   00   00   00   00   00   00   00   00   00   00   00   00   
00be0     00   00   00   00   00   00   00   00   00   00   00   00   00   00   00   00   
00bf0     00   00   00   00   00   00   00   00   00   00   00   00   00   00   00   00   
00c00     00   00   00   00   00   00   00   00   00   00   00   00   00   00   00   00   
00c10     00   00   00   00   00   00   00   00   00   00   00   00   00   00   00   00   
00c20     00   00   00   00   00   00   00   00   00   00   00   00   00   00   00   00   
00c30     00   00   00   00   00   00   00   00   00   00   00   00   00   00   00   00   
00c40     00   00   00   00   00   00   00   00   00   00   00   00   00   00   00   00   
00c50     00   00   00   00   00   00   00   00   00   00   00   00   00   00   00   00   
00c60     00   00   00   00   00   00   00   00   00   00   00   00   00   00   00   00   
00c70     00   00   00   00   00   00   00   00   00   00   00   00   00   00   00   00   
00c80     00   00   00   00   00   00   00   00   00   00   00   00   00   00   00   00   
00c90     00   00   00   00   00   00   00   00   00   00   00   00   00   00   00   00   
00ca0     00   00   00   00   00   00   00   00   00   00   00   00   00   00   00   00   
00cb0     00   00   00   00   00   00   00   00   00   00   00   00   00   00   00   00   
00cc0     00   00   00   00   00   00   00   00   00   00   00   00   00   00   00   00   
00cd0     00   00   00   00   00   00   00   00   00   00   00   00   00   00   00   00   
00ce0     00   00   00   00   00   00   00   00   00   00   00   00   00   00   00   00   
00cf0     00   00   00   00   00   00   00   00   00   00   00   00   00   00   00   00   
00d00     00   00   00   00   00   00   00   00   00   00   00   00   00   00   00   00   
00d10     00   00   00   00   00   00   00   00   00   00   00   00   00   00   00   00   
00d20     00   00   00   00   00   00   00   00   00   00   00   00   00   00   00   00   
00d30     00   00   00   00   00   00   00   00   00   00   00   00   00   00   00   00   
00d40     00   00   00   00   00   00   00   00   00   00   00   00   00   00   00   00   
00d50     00   00   00   00   00   00   00   00   00   00   00   00   00   00   00   00   
00d60     00   00   00   00   00   00   00   00   00   00   00   00   00   00   00   00   
00d70     00   00   00   00   00   00   00   00   00   00   00   00   00   00   00   00   
00d80     00   00   00   00   00   00   00   00   00   00   00   00   00   00   00   00   
00d90     00   00   00   00   00   00   00   00   00   00   00   00   00   00   00   00   
00da0     00   00   00   00   00   00   00   00   00   00   00   00   00   00   00   00   
00db0     00   00   00   00   00   00   00   00   00   00   00   00   00   00   00   00   
00dc0     00   00   00   00   00   00   00   00   00   00   00   00   00   00   00   00   
00dd0     00   00   00   00   00   00   00   00   00   00   00   00   00   00   00   00   
00de0     00   00   00   00   00   00   00   00   00   00   00   00   00   00   00   00   
00df0     00   00   00   00   00   00   00   00   00   00   00   00   00   00   00   00   
00e00     00   00   00   00   00   00   00   00   00   00   00   00   00   00   00   00   
00e10     00   00   00   00   00   00   00   00   00   00   00   00   00   00   00   00   
00e20     00   00   00   00   00   00   00   00   00   00   00   00   00   00   00   00   
00e30     00   00   00   00   00   00   00   00   00   00   00   00   00   00   00   00   
00e40     00   00   00   00   00   00   00   00   00   00   00   00   00   00   00   00   
00e50     00   00   00   00   00   00   00   00   00   00   00   00   00   00   00   00   
00e60     00   00   00   00   00   00   00   00   00   00   00   00   00   00   00   00   
00e70     00   00   00   00   00   00   00   00   00   00   00   00   00   00   00   00   
00e80     00   00   00   00   00   00   00   00   00   00   00   00   00   00   00   00   
00e90     00   00   00   00   00   00   00   00   00   00   00   00   00   00   00   00   
00ea0     00   00   00   00   00   00   00   00   00   00   00   00   00   00   00   00   
00eb0     00   00   00   00   00   00   00   00   00   00   00   00   00   00   00   00   
00ec0     00   00   00   00   00   00   00   00   00   00   00   00   00   00   00   00   
00ed0     00   00   00   00   00   00   00   00   00   00   00   00   00   00   00   00   
00ee0     00   00   00   00   00   00   00   00   00   00   00   00   00   00   00   00   
00ef0     00   00   00   00   00   00   00   00   00   00   00   00   00   00   00   00   
00f00     00   00   00   00   00   00   00   00   00   00   00   00   00   00   00   00   
00f10     00   00   00   00   00   00   00   00   00   00   00   00   00   00   00   00   
00f20     00   00   00   00   00   00   00   00   00   00   00   00   00   00   00   00   
00f30     00   00   00   00   00   00   00   00   00   00   00   00   00   00   00   00   
00f40     00   00   00   00   00   00   00   00   00   00   00   00   00   00   00   00   
00f50     00   00   00   00   00   00   00   00   00   00   00   00   00   00   00   00   
00f60     00   00   00   00   00   00   00   00   00   00   00   00   00   00   00   00   
00f70     00   00   00   00   00   00   00   00   00   00   00   00   00   00   00   00   
00f80     00   00   00   00   00   00   00   00   00   00   00   00   00   00   00   00   
00f90     00   00   00   00   00   00   00   00   00   00   00   00   00   00   00   00   
00fa0     00   00   00   00   00   00   00   00   00   00   00   00   00   00   00   00   
00fb0     00   00   00   00   00   00   00   00   00   00   00   00   00   00   00   00   
00fc0     00   00   00   00   00   00   00   00   00   00   00   00   00   00   00   00   
00fd0     00   00   00   00   00   00   00   00   00   00   00   00   00   00   00   00   
00fe0     00   00   00   00   00   00   00   00   00   00   00   00   00   00   00   00   
00ff0     00   00   00   00   00   00   00   00   00   00   00   00   00   00   00   00   
01000     00   00   00   00   00   00   00   00   00   00   00   00   00   00   00   00   
01010     00   00   00   00   00   00   00   00   00   00   00   00   00   00   00   00   
01020     00   00   00   00   00   00   00   00   00   00   00   00   00   00   00   00   
01030     00   00   00   00   00   00   00   00   00   00   00   00   00   00   00   00   
01040     00   00   00   00   00   00   00   00   00   00   00   00   00   00   00   00   
01050     00   00   00   00   00   00   00   00   00   00   00   00   00   00   00   00   
01060     00   00   00   00   00   00   00   00   00   00   00   00   00   00   00   00   
01070     00   00   00   00   00   00   00   00   00   00   00   00   00   00   00   00   
01080     00   00   00   00   00   00   00   00   00   00   00   00   00   00   00   00   
01090     00   00   00   00   00   00   00   00   00   00   00   00   00   00   00   00   
010a0     00   00   00   00   00   00   00   00   00   00   00   00   00   00   00   00   
010b0     00   00   00   00   00   00   00   00   00   00   00   00   00   00   00   00   
010c0     00   00   00   00   00   00   00   00   00   00   00   00   00   00   00   00   
010d0     00   00   00   00   00   00   00   00   00   00   00   00   00   00   00   00   
010e0     00   00   00   00   00   00   00   00   00   00   00   00   00   00   00   00   
010f0     00   00   00   00   00   00   00   00   00   00   00   00   00   00   00   00   
01100     00   00   00   00   00   00   00   00   00   00   00   00   00   00   00   00   
01110     00   00   00   00   00   00   00   00   00   00   00   00   00   00   00   00   
01120     00   00   00   00   00   00   00   00   00   00   00   00   00   00   00   00   
01130     00   00   00   00   00   00   00   00   00   00   00   00   00   00   00   00   
01140     00   00   00   00   00   00   00   00   00   00   00   00   00   00   00   00   
01150     00   00   00   00   00   00   00   00   00   00   00   00   00   00   00   00   
01160     00   00   00   00   00   00   00   00   00   00   00   00   00   00   00   00   
01170     00   00   00   00   00   00   00   00   00   00   00   00   00   00   00   00   
01180     00   00   00   00   00   00   00   00   00   00   00   00   00   00   00   00   
01190     00   00   00   00   00   00   00   00   00   00   00   00   00   00   00   00   
011a0     00   00   00   00   00   00   00   00   00   00   00   00   00   00   00   00   
011b0     00   00   00   00   00   00   00   00   00   00   00   00   00   00   00   00   
011c0     00   00   00   00   00   00   00   00   00   00   00   00   00   00   00   00   
011d0     00   00   00   00   00   00   00   00   00   00   00   00   00   00   00   00   
011e0     00   00   00   00   00   00   00   00   00   00   00   00   00   00   00   00   
011f0     00   00   00   00   00   00   00   00   00   00   00   00   00   00   00   00   
01200     00   00   00   00   00   00   00   00   00   00   00   00   00   00   00   00   
01210     00   00   00   00   00   00   00   00   00   00   00   00   00   00   00   00   
01220     00   00   00   00   00   00   00   00   00   00   00   00   00   00   00   00   
01230     00   00   00   00   00   00   00   00   00   00   00   00   00   00   00   00   
01240     00   00   00   00   00   00   00   00   00   00   00   00   00   00   00   00   
01250     00   00   00   00   00   00   00   00   00   00   00   00   00   00   00   00   
01260     00   00   00   00   00   00   00   00   00   00   00   00   00   00   00   00   
01270     00   00   00   00   00   00   00   00   00   00   00   00   00   00   00   00   
01280     00   00   00   00   00   00   00   00   00   00   00   00   00   00   00   00   
01290     00   00   00   00   00   00   00   00   00   00   00   00   00   00   00   00   
012a0     00   00   00   00   00   00   00   00   00   00   00   00   00   00   00   00   
012b0     00   00   00   00   00   00   00   00   00   00   00   00   00   00   00   00   
012c0     00   00   00   00   00   00   00   00   00   00   00   00   00   00   00   00   
012d0     00   00   00   00   00   00   00   00   00   00   00   00   00   00   00   00   
012e0     00   00   00   00   00   00   00   00   00   00   00   00   00   00   00   00   
012f0     00   00   00   00   00   00   00   00   00   00   00   00   00   00   00   00   
01300     00   00   00   00   00   00   00   00   00   00   00   00   00   00   00   00   
01310     00   00   00   00   00   00   00   00   00   00   00   00   00   00   00   00   
01320     00   00   00   00   00   00   00   00   00   00   00   00   00   00   00   00   
01330     00   00   00   00   00   00   00   00   00   00   00   00   00   00   00   00   
01340     00   00   00   00   00   00   00   00   00   00   00   00   00   00   00   00   
01350     00   00   00   00   00   00   00   00   00   00   00   00   00   00   00   00   
01360     00   00   00   00   00   00   00   00   00   00   00   00   00   00   00   00   
01370     00   00   00   00   00   00   00   00   00   00   00   00   00   00   00   00   
01380     00   00   00   00   00   00   00   00   00   00   00   00   00   00   00   00   
01390     00   00   00   00   00   00   00   00   00   00   00   00   00   00   00   00   
013a0     00   00   00   00   00   00   00   00   00   00   00   00   00   00   00   00   
013b0     00   00   00   00   00   00   00   00   00   00   00   00   00   00   00   00   
013c0     00   00   00   00   00   00   00   00   00   00   00   00   00   00   00   00   
013d0     00   00   00   00   00   00   00   00   00   00   00   00   00   00   00   00   
013e0     00   00   00   00   00   00   00   00   00   00   00   00   00   00   00   00   
013f0     00   00   00   00   00   00   00   00   00   00   00   00   00   00   00   00   
01400     00   00   00   00   00   00   00   00   00   00   00   00   00   00   00   00   
01410     00   00   00   00   00   00   00   00   00   00   00   00   00   00   00   00   
01420     00   00   00   00   00   00   00   00   00   00   00   00   00   00   00   00   
01430     00   00   00   00   00   00   00   00   00   00   00   00   00   00   00   00   
01440     00   00   00   00   00   00   00   00   00   00   00   00   00   00   00   00   
01450     00   00   00   00   00   00   00   00   00   00   00   00   00   00   00   00   
01460     00   00   00   00   00   00   00   00   00   00   00   00   00   00   00   00   
01470     00   00   00   00   00   00   00   00   00   00   00   00   00   00   00   00   
01480     00   00   00   00   00   00   00   00   00   00   00   00   00   00   00   00   
01490     00   00   00   00   00   00   00   00   00   00   00   00   00   00   00   00   
014a0     00   00   00   00   00   00   00   00   00   00   00   00   00   00   00   00   
014b0     00   00   00   00   00   00   00   00   00   00   00   00   00   00   00   00   
014c0     00   00   00   00   00   00   00   00   00   00   00   00   00   00   00   00   
014d0     00   00   00   00   00   00   00   00   00   00   00   00   00   00   00   00   
014e0     00   00   00   00   00   00   00   00   00   00   00   00   00   00   00   00   
014f0     00   00   00   00   00   00   00   00   00   00   00   00   00   00   00   00   
01500     00   00   00   00   00   00   00   00   00   00   00   00   00   00   00   00   
01510     00   00   00   00   00   00   00   00   00   00   00   00   00   00   00   00   
01520     00   00   00   00   00   00   00   00   00   00   00   00   00   00   00   00   
01530     00   00   00   00   00   00   00   00   00   00   00   00   00   00   00   00   
01540     00   00   00   00   00   00   00   00   00   00   00   00   00   00   00   00   
01550     00   00   00   00   00   00   00   00   00   00   00   00   00   00   00   00   
01560     00   00   00   00   00   00   00   00   00   00   00   00   00   00   00   00   
01570     00   00   00   00   00   00   00   00   00   00   00   00   00   00   00   00   
01580     00   00   00   00   00   00   00   00   00   00   00   00   00   00   00   00   
01590     00   00   00   00   00   00   00   00   00   00   00   00   00   00   00   00   
015a0     00   00   00   00   00   00   00   00   00   00   00   00   00   00   00   00   
015b0     00   00   00   00   00   00   00   00   00   00   00   00   00   00   00   00   
015c0     00   00   00   00   00   00   00   00   00   00   00   00   00   00   00   00   
015d0     00   00   00   00   00   00   00   00   00   00   00   00   00   00   00   00   
015e0     00   00   00   00   00   00   00   00   00   00   00   00   00   00   00   00   
015f0     00   00   00   00   00   00   00   00   00   00   00   00   00   00   00   00   
01600     00   00   00   00   00   00   00   00   00   00   00   00   00   00   00   00   
01610     00   00   00   00   00   00   00   00   00   00   00   00   00   00   00   00   
01620     00   00   00   00   00   00   00   00   00   00   00   00   00   00   00   00   
01630     00   00   00   00   00   00   00   00   00   00   00   00   00   00   00   00   
01640     00   00   00   00   00   00   00   00   00   00   00   00   00   00   00   00   
01650     00   00   00   00   00   00   00   00   00   00   00   00   00   00   00   00   
01660     00   00   00   00   00   00   00   00   00   00   00   00   00   00   00   00   
01670     00   00   00   00   00   00   00   00   00   00   00   00   00   00   00   00   
01680     00   00   00   00   00   00   00   00   00   00   00   00   00   00   00   00   
01690     00   00   00   00   00   00   00   00   00   00   00   00   00   00   00   00   
016a0     00   00   00   00   00   00   00   00   00   00   00   00   00   00   00   00   
016b0     00   00   00   00   00   00   00   00   00   00   00   00   00   00   00   00   
016c0     00   00   00   00   00   00   00   00   00   00   00   00   00   00   00   00   
016d0     00   00   00   00   00   00   00   00   00   00   00   00   00   00   00   00   
016e0     00   00   00   00   00   00   00   00   00   00   00   00   00   00   00   00   
016f0     00   00   00   00   00   00   00   00   00   00   00   00   00   00   00   00   
01700     00   00   00   00   00   00   00   00   00   00   00   00   00   00   00   00   
01710     00   00   00   00   00   00   00   00   00   00   00   00   00   00   00   00   
01720     00   00   00   00   00   00   00   00   00   00   00   00   00   00   00   00   
01730     00   00   00   00   00   00   00   00   00   00   00   00   00   00   00   00   
01740     00   00   00   00   00   00   00   00   00   00   00   00   00   00   00   00   
01750     00   00   00   00   00   00   00   00   00   00   00   00   00   00   00   00   
01760     00   00   00   00   00   00   00   00   00   00   00   00   00   00   00   00   
01770     00   00   00   00   00   00   00   00   00   00   00   00   00   00   00   00   
01780     00   00   00   00   00   00   00   00   00   00   00   00   00   00   00   00   
01790     00   00   00   00   00   00   00   00   00   00   00   00   00   00   00   00   
017a0     00   00   00   00   00   00   00   00   00   00   00   00   00   00   00   00   
017b0     00   00   00   00   00   00   00   00   00   00   00   00   00   00   00   00   
017c0     00   00   00   00   00   00   00   00   00   00   00   00   00   00   00   00   
017d0     00   00   00   00   00   00   00   00   00   00   00   00   00   00   00   00   
017e0     00   00   00   00   00   00   00   00   00   00   00   00   00   00   00   00   
017f0     00   00   00   00   00   00   00   00   00   00   00   00   00   00   00   00   
01800     00   00   00   00   00   00   00   00   00   00   00   00   00   00   00   00   
01810     00   00   00   00   00   00   00   00   00   00   00   00   00   00   00   00   
01820     00   00   00   00   00   00   00   00   00   00   00   00   00   00   00   00   
01830     00   00   00   00   00   00   00   00   00   00   00   00   00   00   00   00   
01840     00   00   00   00   00   00   00   00   00   00   00   00   00   00   00   00   
01850     00   00   00   00   00   00   00   00   00   00   00   00   00   00   00   00   
01860     00   00   00   00   00   00   00   00   00   00   00   00   00   00   00   00   
01870     00   00   00   00   00   00   00   00   00   00   00   00   00   00   00   00   
01880     00   00   00   00   00   00   00   00   00   00   00   00   00   00   00   00   
01890     00   00   00   00   00   00   00   00   00   00   00   00   00   00   00   00   
018a0     00   00   00   00   00   00   00   00   00   00   00   00   00   00   00   00   
018b0     00   00   00   00   00   00   00   00   00   00   00   00   00   00   00   00   
018c0     00   00   00   00   00   00   00   00   00   00   00   00   00   00   00   00   
018d0     00   00   00   00   00   00   00   00   00   00   00   00   00   00   00   00   
018e0     00   00   00   00   00   00   00   00   00   00   00   00   00   00   00   00   
018f0     00   00   00   00   00   00   00   00   00   00   00   00   00   00   00   00   
01900     00   00   00   00   00   00   00   00   00   00   00   00   00   00   00   00   
01910     00   00   00   00   00   00   00   00   00   00   00   00   00   00   00   00   
01920     00   00   00   00   00   00   00   00   00   00   00   00   00   00   00   00   
01930     00   00   00   00   00   00   00   00   00   00   00   00   00   00   00   00   
01940     00   00   00   00   00   00   00   00   00   00   00   00   00   00   00   00   
01950     00   00   00   00   00   00   00   00   00   00   00   00   00   00   00   00   
01960     00   00   00   00   00   00   00   00   00   00   00   00   00   00   00   00   
01970     00   00   00   00   00   00   00   00   00   00   00   00   00   00   00   00   
01980     00   00   00   00   00   00   00   00   00   00   00   00   00   00   00   00   
01990     00   00   00   00   00   00   00   00   00   00   00   00   00   00   00   00   
019a0     00   00   00   00   00   00   00   00   00   00   00   00   00   00   00   00   
019b0     00   00   00   00   00   00   00   00   00   00   00   00   00   00   00   00   
019c0     00   00   00   00   00   00   00   00   00   00   00   00   00   00   00   00   
019d0     00   00   00   00   00   00   00   00   00   00   00   00   00   00   00   00   
019e0     00   00   00   00   00   00   00   00   00   00   00   00   00   00   00   00   
019f0     00   00   00   00   00   00   00   00   00   00   00   00   00   00   00   00   
01a00     00   00   00   00   00   00   00   00   00   00   00   00   00   00   00   00   
01a10     00   00   00   00   00   00   00   00   00   00   00   00   00   00   00   00   
01a20     00   00   00   00   00   00   00   00   00   00   00   00   00   00   00   00   
01a30     00   00   00   00   00   00   00   00   00   00   00   00   00   00   00   00   
01a40     00   00   00   00   00   00   00   00   00   00   00   00   00   00   00   00   
01a50     00   00   00   00   00   00   00   00   00   00   00   00   00   00   00   00   
01a60     00   00   00   00   00   00   00   00   00   00   00   00   00   00   00   00   
01a70     00   00   00   00   00   00   00   00   00   00   00   00   00   00   00   00   
01a80     00   00   00   00   00   00   00   00   00   00   00   00   00   00   00   00   
01a90     00   00   00   00   00   00   00   00   00   00   00   00   00   00   00   00   
01aa0     00   00   00   00   00   00   00   00   00   00   00   00   00   00   00   00   
01ab0     00   00   00   00   00   00   00   00   00   00   00   00   00   00   00   00   
01ac0     00   00   00   00   00   00   00   00   00   00   00   00   00   00   00   00   
01ad0     00   00   00   00   00   00   00   00   00   00   00   00   00   00   00   00   
01ae0     00   00   00   00   00   00   00   00   00   00   00   00   00   00   00   00   
01af0     00   00   00   00   00   00   00   00   00   00   00   00   00   00   00   00   
01b00     00   00   00   00   00   00   00   00   00   00   00   00   00   00   00   00   
01b10     00   00   00   00   00   00   00   00   00   00   00   00   00   00   00   00   
01b20     00   00   00   00   00   00   00   00   00   00   00   00   00   00   00   00   
01b30     00   00   00   00   00   00   00   00   00   00   00   00   00   00   00   00   
01b40     00   00   00   00   00   00   00   00   00   00   00   00   00   00   00   00   
01b50     00   00   00   00   00   00   00   00   00   00   00   00   00   00   00   00   
01b60     00   00   00   00   00   00   00   00   00   00   00   00   00   00   00   00   
01b70     00   00   00   00   00   00   00   00   00   00   00   00   00   00   00   00   
01b80     00   00   00   00   00   00   00   00   00   00   00   00   00   00   00   00   
01b90     00   00   00   00   00   00   00   00   00   00   00   00   00   00   00   00   
01ba0     00   00   00   00   00   00   00   00   00   00   00   00   00   00   00   00   
01bb0     00   00   00   00   00   00   00   00   00   00   00   00   00   00   00   00   
01bc0     00   00   00   00   00   00   00   00   00   00   00   00   00   00   00   00   
01bd0     00   00   00   00   00   00   00   00   00   00   00   00   00   00   00   00   
01be0     00   00   00   00   00   00   00   00   00   00   00   00   00   00   00   00   
01bf0     00   00   00   00   00   00   00   00   00   00   00   00   00   00   00   00   
01c00     00   00   00   00   00   00   00   00   00   00   00   00   00   00   00   00   
01c10     00   00   00   00   00   00   00   00   00   00   00   00   00   00   00   00   
01c20     00   00   00   00   00   00   00   00   00   00   00   00   00   00   00   00   
01c30     00   00   00   00   00   00   00   00   00   00   00   00   00   00   00   00   
01c40     00   00   00   00   00   00   00   00   00   00   00   00   00   00   00   00   
01c50     00   00   00   00   00   00   00   00   00   00   00   00   00   00   00   00   
01c60     00   00   00   00   00   00   00   00   00   00   00   00   00   00   00   00   
01c70     00   00   00   00   00   00   00   00   00   00   00   00   00   00   00   00   
01c80     00   00   00   00   00   00   00   00   00   00   00   00   00   00   00   00   
01c90     00   00   00   00   00   00   00   00   00   00   00   00   00   00   00   00   
01ca0     00   00   00   00   00   00   00   00   00   00   00   00   00   00   00   00   
01cb0     00   00   00   00   00   00   00   00   00   00   00   00   00   00   00   00   
01cc0     00   00   00   00   00   00   00   00   00   00   00   00   00   00   00   00   
01cd0     00   00   00   00   00   00   00   00   00   00   00   00   00   00   00   00   
01ce0     00   00   00   00   00   00   00   00   00   00   00   00   00   00   00   00   
01cf0     00   00   00   00   00   00   00   00   00   00   00   00   00   00   00   00   
01d00     00   00   00   00   00   00   00   00   00   00   00   00   00   00   00   00   
01d10     00   00   00   00   00   00   00   00   00   00   00   00   00   00   00   00   
01d20     00   00   00   00   00   00   00   00   00   00   00   00   00   00   00   00   
01d30     00   00   00   00   00   00   00   00   00   00   00   00   00   00   00   00   
01d40     00   00   00   00   00   00   00   00   00   00   00   00   00   00   00   00   
01d50     00   00   00   00   00   00   00   00   00   00   00   00   00   00   00   00   
01d60     00   00   00   00   00   00   00   00   00   00   00   00   00   00   00   00   
01d70     00   00   00   00   00   00   00   00   00   00   00   00   00   00   00   00   
01d80     00   00   00   00   00   00   00   00   00   00   00   00   00   00   00   00   
01d90     00   00   00   00   00   00   00   00   00   00   00   00   00   00   00   00   
01da0     00   00   00   00   00   00   00   00   00   00   00   00   00   00   00   00   
01db0     00   00   00   00   00   00   00   00   00   00   00   00   00   00   00   00   
01dc0     00   00   00   00   00   00   00   00   00   00   00   00   00   00   00   00   
01dd0     00   00   00   00   00   00   00   00   00   00   00   00   00   00   00   00   
01de0     00   00   00   00   00   00   00   00   00   00   00   00   00   00   00   00   
01df0     00   00   00   00   00   00   00   00   00   00   00   00   00   00   00   00   
01e00     00   00   00   00   00   00   00   00   00   00   00   00   00   00   00   00   
01e10     00   00   00   00   00   00   00   00   00   00   00   00   00   00   00   00   
01e20     00   00   00   00   00   00   00   00   00   00   00   00   00   00   00   00   
01e30     00   00   00   00   00   00   00   00   00   00   00   00   00   00   00   00   
01e40     00   00   00   00   00   00   00   00   00   00   00   00   00   00   00   00   
01e50     00   00   00   00   00   00   00   00   00   00   00   00   00   00   00   00   
01e60     00   00   00   00   00   00   00   00   00   00   00   00   00   00   00   00   
01e70     00   00   00   00   00   00   00   00   00   00   00   00   00   00   00   00   
01e80     00   00   00   00   00   00   00   00   00   00   00   00   00   00   00   00   
01e90     00   00   00   00   00   00   00   00   00   00   00   00   00   00   00   00   
01ea0     00   00   00   00   00   00   00   00   00   00   00   00   00   00   00   00   
01eb0     00   00   00   00   00   00   00   00   00   00   00   00   00   00   00   00   
01ec0     00   00   00   00   00   00   00   00   00   00   00   00   00   00   00   00   
01ed0     00   00   00   00   00   00   00   00   00   00   00   00   00   00   00   00   
01ee0     00   00   00   00   00   00   00   00   00   00   00   00   00   00   00   00   
01ef0     00   00   00   00   00   00   00   00   00   00   00   00   00   00   00   00   
01f00     00   00   00   00   00   00   00   00   00   00   00   00   00   00   00   00   
01f10     00   00   00   00   00   00   00   00   00   00   00   00   00   00   00   00   
01f20     00   00   00   00   00   00   00   00   00   00   00   00   00   00   00   00   
01f30     00   00   00   00   00   00   00   00   00   00   00   00   00   00   00   00   